  File: /
  Size: 4096      	Blocks: 8          IO Block: 4096   directory
Device: 10306h/66310d	Inode: 2           Links: 27
Access: (0555/dr-xr-xr-x)  Uid: (    0/    root)   Gid: (    0/    root)
Access: 2022-03-08 20:48:14.251196271 +0100
Modify: 2022-01-26 08:51:32.454596703 +0100
Change: 2022-01-26 08:51:32.454596703 +0100
 Birth: 2013-12-22 22:47:33.000000000 +0100
